-0.00000 124.86442 197.96974 255.00000 194.16913 31.88876
45.94846 49.00931 146.19828 0.00000 0.00000 255.00000
0.00000 0.00000 0.00000 0.00000 0.00000 0.00000
237.04636 26.95565 44.92441 255.00000 -0.00000 68.77273
12.96856 74.96979 160.02939 241.00000 90.00000 34.00000
0.00000 70.06837 127.04558 0.00000 0.00000 -0.00000
226.99475 23.99653 55.00020 255.00000 0.00000 0.00000
34.10745 85.08636 158.04934 253.87461 254.13024 254.50330
0.00000 0.00000 0.00000 0.00000 168.02641 224.07764
47.92339 94.70784 156.44544 251.54573 252.32232 253.35630
34.84044 30.83613 31.90081 0.00000 81.99870 154.99870
33.95849 30.94510 30.94510 255.00000 153.13694 0.00000
59.82412 115.57882 185.30493 253.65913 254.04006 254.52171
0.00000 -0.00000 0.00000 205.08414 3.93204 10.94175
-0.00000 0.00000 0.00000 240.29444 77.40567 67.63795
157.91839 46.70643 91.52191 253.75226 252.98437 253.48340
227.02412 23.95102 54.01511 255.00000 -0.00000 -0.00000
253.98887 254.39217 254.69470 4.42805 104.24607 179.13565
205.24828 25.53330 43.91768 29.65434 119.74605 180.46350
0.00000 14.95188 43.09487 0.00000 0.00000 0.00000
0.00000 0.00000 0.00000 0.00000 0.00000 0.00000
23.73116 75.68995 120.15581 249.74792 251.53542 253.02500
238.04475 113.37985 37.58324 254.91072 254.26363 253.87004
28.98837 66.99336 156.05288 0.00000 0.00000 255.00000
205.03710 19.17491 8.99319 254.47114 252.50034 0.09711
0.00000 102.59077 177.24440 227.17257 23.75809 53.97381
237.02694 28.01646 36.02737 255.00000 -0.00000 -0.00000
208.00000 150.33333 11.33333 91.99912 124.67345 139.61597
0.00000 91.95273 185.00328 0.00000 128.00000 128.00000
0.00000 58.99952 112.04670 217.11447 37.88742 27.97319
1.03928 25.18648 22.94057 223.60011 174.34421 156.66085
31.01032 112.04963 192.96010 0.00000 128.00000 255.00000
237.00931 29.03150 36.01074 255.00000 0.00000 -0.00000
254.38782 253.95083 253.95606 121.24985 24.22502 25.39437
212.97826 24.95573 0.00000 255.00000 -0.00000 0.00000
0.00000 59.97536 173.98110 0.00000 -0.00000 255.00000
0.15529 113.95514 143.02253 251.31385 183.59632 39.69048
254.96866 254.69345 254.73679 229.02752 0.17073 36.13465
0.00000 0.00000 0.00000 78.83483 180.01760 168.52640
251.98436 252.83785 253.68787 0.55691 73.40424 144.24995
0.00000 124.95835 183.94225 0.00000 -0.00000 255.00000
-0.00000 -0.00000 0.00000 66.42209 166.51558 153.19038
95.00097 155.99517 45.00217 0.00000 255.00000 0.00000
37.63934 73.84469 141.18628 229.43933 67.90377 46.44770
0.00000 169.20682 78.80857 0.00000 74.95899 145.07421
249.71194 183.75912 9.98869 48.43091 21.34611 6.00889
0.00000 113.01473 197.02756 0.00000 0.00000 255.00000
0.00000 121.95909 193.07937 0.00000 0.00000 255.00000
0.00000 82.92408 159.12907 0.00000 160.10849 224.15589
32.98569 53.93341 139.99046 0.00000 0.00000 255.00000
254.18800 254.26058 254.55792 123.07876 57.96571 123.75853
0.00000 0.00000 0.00000 0.00000 0.00000 0.00000
135.06334 196.96244 69.94218 128.00000 255.00000 128.00000
0.00000 167.99334 232.39158 0.00000 133.90935 205.21117
254.54309 254.83644 254.95111 0.48942 164.17456 228.05186
0.00000 93.38059 170.07004 0.00000 0.00000 255.00000
12.92758 138.16507 213.16898 79.87365 183.17148 54.96029
41.94785 -0.00000 123.94046 255.00000 88.92873 0.00000
34.87703 30.85971 31.95704 -0.00000 177.25083 136.49257
3.95019 158.95327 217.03833 0.00000 255.00000 255.00000
0.00000 149.99912 214.01640 0.00000 255.00000 255.00000
239.05163 62.39269 66.40222 254.93219 254.09914 254.11674
11.96237 34.02919 63.00000 0.00000 0.00000 0.00000
230.03171 28.99459 42.01907 255.00000 -0.00000 -0.00000
253.55821 254.24273 254.65032 0.37893 121.19968 193.09462
152.54788 149.72364 140.77818 8.05439 65.03890 103.96902
47.43961 71.16640 93.90016 195.55031 80.60063 85.33962
254.17998 254.34522 254.63262 31.51151 65.72450 124.60325
0.00000 153.01382 153.01382 0.00000 255.00000 255.00000
8.93604 130.21728 198.13617 97.18195 182.69717 69.04439
-0.00000 50.97852 101.91636 188.48449 24.89021 50.86754
245.07340 234.11522 21.91743 2.18451 2.13092 1.10125
222.00367 29.97607 52.02695 255.00000 0.00000 0.00000
-0.00000 0.00000 0.00000 255.00000 196.05149 0.00000
71.62551 74.39701 99.40455 252.20010 252.25329 252.97023
0.00000 0.00000 0.00000 0.00000 0.00000 0.00000
41.96390 50.98914 107.01262 0.00000 0.00000 0.00000
100.19139 168.10773 240.01822 253.61691 254.22295 254.86637
15.34188 26.75153 51.10379 191.13483 210.77528 233.92135
222.33767 242.78447 251.56312 6.73546 101.47767 163.77867
233.97730 27.09498 34.07557 255.00000 0.00000 0.00000
10.96430 23.94136 91.98016 0.00000 -0.00000 -0.00000
0.00000 93.04634 169.96000 0.00000 -0.00000 255.00000
0.00000 85.03905 183.94830 0.00000 -0.00000 255.00000
61.95288 143.99141 44.96631 0.00000 255.00000 0.00000
216.51974 238.59184 250.57048 41.20107 151.75279 211.47776
194.99505 17.99582 48.01393 255.00000 0.00000 0.00000
0.00000 0.00000 0.00000 0.00000 0.00000 0.00000
205.78921 134.60979 46.54454 5.04735 113.46182 172.87896
35.00723 31.00723 32.08002 64.00000 -0.00000 64.00000
138.08450 69.47869 103.03592 254.57170 254.42561 254.54751
99.87645 100.86744 104.86272 198.19621 8.92086 58.82014
0.00000 -0.00000 0.00000 0.00000 83.85949 166.15998
237.98773 26.97943 44.99233 255.00000 -0.00000 77.12500
0.00000 92.03528 170.97693 0.00000 0.00000 255.00000
26.89689 96.99123 153.99606 143.43160 139.47170 141.39858
0.00000 36.93232 73.72928 253.15909 183.27020 25.70960
59.24201 89.18292 152.12091 253.53014 253.75158 254.22799
208.15611 50.84389 56.80677 -0.00000 0.00000 -0.00000
0.00000 71.90584 120.68581 210.08219 46.91279 46.91279
150.03131 150.99779 155.02890 38.92477 14.94787 107.85020
0.00000 57.99269 99.01364 0.00000 0.00000 0.00000
-0.00000 82.92423 154.87521 90.99955 102.95238 111.00629
0.00000 103.23151 176.58312 0.00000 0.00000 255.00000
52.77731 127.95062 37.28726 249.76819 221.93562 23.19394
28.94103 59.91032 108.94758 227.10055 38.84936 37.83941
0.61770 83.41692 159.23269 252.56821 253.35801 254.08587
-0.00000 -0.00000 -0.00000 73.99153 201.01695 96.00847
57.83290 35.86251 121.79446 226.17098 0.00000 58.66494
-0.00000 0.00000 0.00000 231.19843 0.00000 0.00000
19.94543 30.99668 72.01579 0.00000 0.00000 -0.00000
255.00000 203.99154 0.00000 255.00000 255.00000 0.00000
226.97074 23.97216 55.00522 255.00000 0.00000 -0.00000
0.00000 107.07337 173.85411 0.00000 0.00000 255.00000
0.00000 0.00000 -0.00000 238.98624 61.67890 65.71560
227.00571 25.01879 55.02868 255.00000 0.00000 0.00000
11.96017 99.39615 116.00128 226.04144 203.90214 137.75438
0.00000 0.00000 0.00000 0.00000 0.00000 0.00000
40.99749 47.08103 50.09132 0.00000 0.00000 -0.00000
0.00000 86.01738 182.94059 0.00000 0.00000 255.00000
9.16119 100.41440 125.48622 38.90621 187.91751 214.98757
6.87894 13.96651 73.01662 -0.00000 0.00000 0.00000
32.97629 97.98643 164.95647 -0.00000 0.00000 255.00000
93.17265 133.27617 44.12749 241.01356 85.93929 41.98455
108.81829 36.04632 87.97289 254.39979 251.70744 252.02395
2.60205 162.92294 223.76317 243.83183 225.58685 207.26104
0.00000 50.95177 152.96799 0.00000 0.00000 255.00000
254.60191 239.63144 0.05893 39.73209 35.62609 31.61573
-0.00000 0.00000 0.00000 252.09524 206.21429 7.88690
0.00000 104.09016 94.74731 0.00000 -0.00000 -0.00000
2.21924 101.34062 61.69479 252.39850 253.41769 253.00965
237.04411 28.98707 36.03955 255.00000 0.00000 -0.00000
35.02521 30.93192 32.16137 0.00000 0.00000 -0.00000
247.04099 141.23950 43.91396 36.92581 96.87075 147.17314
0.00000 150.00034 214.97628 0.00000 -0.00000 -0.00000
109.01805 192.11634 106.03803 4.12015 142.63001 80.12500
0.01574 0.01136 0.00130 238.03511 177.01246 16.75764
46.37583 75.35086 177.80923 224.95370 99.60185 83.10185
179.22422 183.70067 189.92713 3.45299 72.11320 134.68407
199.99885 0.00000 0.00000 255.00000 0.00000 0.00000
16.06128 49.04370 98.28799 251.93636 251.49510 251.83178
-0.00000 0.00000 -0.00000 22.97973 0.00000 154.06505
103.13946 73.97244 117.20968 254.06243 254.08522 254.34689
74.13076 74.13076 76.01657 0.00000 81.78820 149.28593
115.96053 94.18586 93.63706 0.00000 166.27016 221.23790
228.27013 89.47850 60.86083 90.55170 153.27876 180.05835
0.00000 101.10138 163.87199 0.00000 0.00000 255.00000
39.93310 126.58369 152.51589 205.00246 143.46931 83.51524
32.99706 68.01159 119.99343 0.00000 0.00000 0.00000
128.03692 0.00000 50.98685 255.00000 0.00000 0.00000
0.00000 0.00000 -0.00000 255.00000 0.00000 32.98387
0.00000 81.95469 136.06615 0.00000 137.84158 94.13366
129.42160 43.52241 47.48094 213.87664 228.08644 239.14412
237.99894 51.99126 53.98278 -0.00000 -0.00000 0.00000
60.09499 147.20317 202.82322 65.07320 71.04644 73.03306
34.73331 30.70807 31.78014 0.00000 160.01538 174.98293
254.19746 248.18893 233.25032 22.89561 137.45957 197.23003
218.00755 37.00453 29.00772 255.00000 0.00000 0.00000
210.98978 2.99129 18.99272 255.00000 -0.00000 0.00000
5.88595 8.01418 6.86534 79.46019 166.84074 68.01034
0.96789 0.96789 0.96789 91.71239 194.84956 161.76106
214.04422 41.23342 55.41050 223.96304 215.99089 216.68559
255.00000 -0.00000 0.00000 179.95149 30.94474 57.94597
0.00000 0.00000 0.00000 0.00000 0.00000 0.00000
15.99522 97.00606 167.99879 0.00000 -0.00000 255.00000
0.00000 46.88508 205.11759 255.00000 83.93976 -0.00000
130.84969 83.39270 88.96977 254.62487 253.53761 253.67904
31.38016 100.26290 204.08778 251.23138 252.37840 254.14180
28.97740 86.00000 50.00411 0.00000 0.00000 0.00000
0.00000 -0.00000 -0.00000 55.19831 169.70502 147.42042
169.36648 52.22530 58.07871 93.15019 101.00642 107.81772
3.97125 85.96987 164.03866 195.18142 31.88065 48.86211
237.07779 23.02266 30.92032 223.28571 31.71429 31.71429
0.00000 84.03120 160.00785 255.00000 213.00000 32.00000
0.00000 171.77716 235.96133 0.00000 0.56440 0.77253
0.00000 103.00546 75.03948 0.00000 0.00000 0.00000
78.82454 75.74450 76.62093 170.85852 141.32926 84.69083
0.42241 42.35366 95.26467 253.37157 253.63776 253.97426
52.97914 156.56769 161.52843 252.60041 253.82172 253.87910
251.99205 182.99315 35.00105 0.98618 84.90183 162.12745
-0.00000 117.89855 182.01731 253.05441 183.12570 19.66979
0.00000 0.00000 0.00000 0.00000 121.75000 194.14344
0.38886 120.19682 169.13642 254.12050 254.53228 254.70359
0.00000 0.00000 0.00000 0.00000 0.00000 0.00000
255.00000 183.00083 0.00000 59.74582 59.74582 68.04886
227.99779 25.00450 50.00812 255.00000 0.00000 0.00000
36.35806 64.66188 146.45691 34.69904 45.87019 108.76104
0.00000 0.00000 0.00000 0.00000 0.00000 0.00000
2.09391 61.96701 97.15768 179.57927 159.96951 103.06707
18.20640 90.55534 152.30017 245.02966 130.08403 31.98220
0.00000 0.00000 0.00000 204.00292 0.00000 0.00000
-0.00000 0.00000 -0.00000 235.03812 0.00000 40.91795
0.00000 0.00000 0.00000 0.00000 0.00000 0.00000
2.62883 77.47094 120.06806 107.38244 169.89511 31.95404
0.00000 119.02132 192.06331 0.00000 0.00000 255.00000
34.93742 30.89987 31.97583 25.77354 92.58296 173.28587
206.02681 51.93997 48.97559 141.27754 148.22733 54.87827
0.00000 83.09009 94.05018 0.00000 0.00000 -0.00000
206.99438 9.99185 44.01494 255.00000 0.00000 0.00000
17.98932 49.99970 88.01008 0.00000 0.00000 0.00000
237.96159 178.01146 15.99365 0.05888 104.92211 62.88236
132.03190 9.95640 44.94789 255.00000 -0.00000 0.00000
204.04244 0.00000 0.00000 0.00000 0.00000 0.00000
202.32878 107.48237 23.70421 -0.00000 87.49353 54.66397
94.85396 183.00837 176.41234 1.94713 2.75148 2.04297
0.00000 0.00000 0.00000 0.00000 0.00000 0.00000
152.07248 0.00000 45.90370 0.00000 0.00000 -0.00000
104.86961 95.92473 86.87664 40.55521 141.71933 193.65798
3.01705 86.05590 130.11843 134.37994 190.26140 126.01824
18.19259 173.67407 208.45580 -0.00000 66.08917 128.39809
0.00000 151.99072 204.00905 0.00000 255.00000 255.00000
-0.00000 170.12552 231.12788 16.78597 24.72578 32.13260
45.99347 101.01292 175.85298 0.00000 0.00000 255.00000
0.00000 105.99059 77.03735 0.00000 0.00000 0.00000
-0.00000 0.00000 0.00000 255.00000 111.68198 111.68198
210.96735 17.94181 69.06764 255.00000 -0.00000 0.00000
253.59990 254.05138 254.47336 0.30572 53.35967 103.23252
0.00000 0.00000 0.00000 0.00000 0.00000 0.00000
0.00000 117.02036 201.01085 0.00000 0.00000 255.00000
47.24138 86.22701 118.22414 179.04865 176.03727 173.02315
216.98037 24.99362 32.06773 255.00000 0.00000 0.00000
87.95748 51.22750 107.28127 228.52534 233.65054 244.97581
0.27096 139.82824 191.70294 214.24652 134.12406 36.07771
35.98280 180.98060 233.03220 0.00000 255.00000 255.00000
249.25689 181.58336 132.39879 -0.00000 107.95339 182.05478
15.97633 64.07082 117.98948 0.00000 0.00000 0.00000
13.10054 140.89364 199.98712 84.88971 85.88365 89.93166
-0.00000 0.00000 0.00000 0.95530 176.32665 186.23266
34.38748 40.69191 44.80742 246.14740 106.01942 68.94528
0.00000 71.01268 185.98657 0.00000 0.00000 255.00000
79.00069 75.97126 76.99567 240.99834 71.04857 29.03030
0.74812 64.51431 128.71800 238.33905 54.45029 38.94324
56.03031 73.99566 155.99065 -0.00000 0.00000 255.00000
0.00000 152.93954 215.98438 0.00000 255.00000 255.00000
86.72830 122.29415 116.83880 255.00000 229.67858 155.33486
1.98578 103.24629 177.16301 241.52565 123.30103 115.80275
0.00000 93.02734 169.96793 0.00000 -0.00000 255.00000
0.00000 -0.00000 -0.00000 0.00000 111.98772 184.97197
0.00000 61.02031 109.39737 0.00000 -0.00000 -0.00000
238.00480 39.00096 34.00973 255.00000 -0.00000 -0.00000
0.00000 0.00000 0.00000 0.00000 0.00000 0.00000
0.00000 64.04410 98.02318 0.00000 0.00000 0.00000
241.08150 136.29515 133.87665 0.02657 17.39740 27.06388
129.50361 97.13588 110.55262 253.84666 253.39346 253.41722
138.01068 0.00000 37.00733 255.00000 0.00000 0.00000
224.99482 15.00275 14.00050 255.00000 0.00000 0.00000
97.34770 163.89527 75.26780 245.22133 237.87372 220.76484
42.76930 118.06418 183.73547 171.11739 198.10348 154.95304
121.96758 88.02886 38.94603 0.00000 0.00000 -0.00000
254.11359 218.24493 10.08952 42.07001 37.03611 31.28592
1.45998 1.45998 1.45998 253.98795 253.98795 253.98795
0.00000 0.00000 0.00000 0.00000 0.00000 0.00000
0.00000 0.00000 0.00000 0.00000 0.00000 0.00000
36.93015 50.94977 112.02596 0.00000 0.00000 0.00000
0.00000 0.00000 0.00000 0.00000 0.00000 0.00000
-0.00000 -0.00000 -0.00000 215.03680 62.90616 54.97240
15.89152 78.96052 139.94960 0.00000 0.00000 255.00000
0.98020 81.96418 148.04215 93.99101 136.02213 161.01176
27.96225 79.00363 155.97626 0.00000 0.00000 255.00000
4.97855 94.00132 169.98729 0.00000 0.00000 255.00000
38.34608 36.35815 36.35815 196.42623 30.60656 55.83607
0.00000 0.00000 0.00000 0.00000 0.00000 0.00000
0.00000 0.00000 -0.00000 235.05330 0.00000 40.92798
36.53521 57.03314 124.34963 22.98091 155.09503 215.05249
85.90589 154.83858 189.94169 -0.00000 255.00000 255.00000
243.81299 129.14985 39.15333 107.74735 108.68365 111.91295
249.12616 141.26459 19.81489 205.27872 4.62130 27.71211
10.62857 120.33404 176.17516 251.21515 252.90186 253.78662
0.00000 1.58900 1.04038 250.08197 166.19672 55.90164
249.66730 246.42370 245.62512 218.02075 67.66362 29.44279
10.52843 109.18730 180.27353 226.68213 238.11027 246.33916
0.00000 71.10450 126.85458 0.00000 0.00000 0.00000
113.70626 15.52352 33.84218 254.81524 254.32604 254.41680
-0.00000 69.51138 125.71764 105.93276 115.14224 123.65690
0.00000 178.09918 88.84675 0.00000 0.00000 0.00000
144.01807 23.97100 43.01859 255.00000 0.00000 0.00000
244.05278 120.70347 31.92222 76.93713 76.93713 78.91808
-0.00000 81.97183 155.02616 181.07023 17.94195 26.92335
35.02584 30.98605 32.03574 0.00000 -0.00000 0.00000
218.34978 0.00000 75.76682 41.57321 57.33178 149.51090
36.99709 41.00820 104.98688 0.00000 0.00000 85.22222
0.00000 0.00000 -0.00000 231.10822 58.39549 84.78784
132.63012 147.62073 164.99374 -0.00000 -0.00000 0.00000
22.14256 22.14256 22.14256 -0.00000 -0.00000 -0.00000
0.00000 0.00000 -0.00000 0.00000 117.92648 189.99792
99.01012 30.97353 96.01756 -0.00000 -0.00000 -0.00000
156.97300 27.96601 48.04184 255.00000 0.00000 -0.00000
147.48387 149.55205 152.48937 152.07770 25.95282 48.96162
145.04996 -0.00000 39.85408 -0.00000 43.03281 92.05000
0.00000 125.93937 162.04030 0.00000 -0.00000 255.00000
58.65076 104.05036 162.12419 229.67112 230.74437 231.55875
196.42603 27.84883 40.09830 254.14164 254.12799 254.13225
113.35130 152.38377 197.40092 0.61794 43.54192 92.42538
0.00000 161.00923 96.04711 0.00000 255.00000 0.00000
113.13653 87.01518 59.25798 254.13779 254.06908 253.89041
254.59885 243.61762 0.06853 41.35043 38.27678 36.59988
188.93200 166.85033 112.17092 255.00000 255.00000 -0.00000
0.00000 94.05637 209.00393 0.00000 0.00000 255.00000
254.46778 252.33244 252.86809 117.65565 40.26701 82.68735
19.97534 80.00980 160.99621 0.00000 0.00000 255.00000
141.70390 198.28087 64.04171 207.02432 229.06991 174.36626
24.90293 118.86289 186.00045 33.92913 55.93103 110.86183
236.08618 138.47846 26.38466 0.00000 68.01315 123.87111
9.76642 84.60468 142.24055 236.90860 242.93011 247.55914
32.03927 64.08411 128.07164 0.00000 0.00000 255.00000
76.77108 173.35660 199.24117 254.26332 254.66269 254.76962
20.12725 107.76750 183.84718 254.24414 254.53004 254.78012
130.12690 68.16751 34.45180 254.52771 248.64096 245.90763
237.02436 26.99875 47.01978 255.00000 0.00000 -0.00000
-0.00000 99.95657 210.07995 206.14848 134.69692 26.91601
0.00000 -0.00000 -0.00000 227.05773 23.93961 54.84103
108.40286 110.35997 112.37232 -0.00000 174.28205 239.07089
219.05098 32.02916 43.93735 78.70475 75.70131 76.74329
215.98386 30.96746 38.02847 255.00000 0.00000 0.00000
48.32098 73.66203 129.34934 248.55795 249.95171 252.01040
73.05097 88.97704 100.94825 218.09147 25.95674 50.10878
7.12493 47.07008 83.85302 248.02778 191.22727 8.92929
34.97509 30.97325 31.98063 86.78223 158.03670 188.86045
255.00000 0.00000 0.00000 255.00000 0.00000 0.00000
39.80596 106.26365 99.85554 161.26958 161.26958 164.26425
0.00000 0.00000 0.00000 253.04250 0.00000 0.00000
-0.00000 0.00000 -0.00000 165.90268 117.02750 87.09450
0.73492 93.41427 44.05839 252.49566 253.71585 253.06306
249.14734 200.30078 34.19529 0.98016 0.78829 0.13381
129.08470 189.02383 64.98255 111.96802 99.00573 88.95998
0.19214 157.09362 220.04173 251.32096 253.58387 254.49765
0.00000 79.98288 124.97694 0.00000 0.00000 -0.00000
33.26745 63.01606 124.55677 196.16897 150.23448 11.88966
0.00000 0.00000 -0.00000 0.00000 122.98983 194.54506
254.55604 254.02043 254.10487 137.06595 25.01075 42.50968
0.00000 121.02647 51.89865 28.79959 85.80671 50.06002
0.00000 0.00000 0.00000 0.00000 0.00000 0.00000
0.00000 132.77859 60.58078 134.46125 117.59766 77.95701
38.91756 53.96020 145.08206 238.18234 49.93340 35.88889
0.08130 0.08130 0.08130 252.82544 252.82544 252.82544
32.96940 29.92780 29.92780 235.25300 22.79228 43.21838
0.00000 102.03270 128.05882 0.00000 0.00000 255.00000
98.86310 99.86157 101.85312 -0.00000 184.21205 214.22083
174.96958 40.67276 23.67459 253.04212 251.57227 248.90603
253.31668 253.65399 253.46848 52.85315 120.38881 98.15308
0.00000 129.27569 71.04010 0.00000 -0.00000 -0.00000
0.00000 59.97531 119.99518 0.00000 0.00000 0.00000
129.40400 166.06786 81.26197 19.00363 66.96373 112.83424
0.00000 92.03225 184.99960 0.00000 0.00000 255.00000
131.01628 194.00009 235.99569 18.32791 106.23865 178.61829
110.08244 44.40659 46.52131 253.97371 253.05538 253.08287
173.08314 0.00000 13.89522 -0.00000 0.00000 -0.00000
252.11510 252.09044 252.07838 125.24462 32.88643 38.21248
44.02613 41.00702 41.98898 176.54803 164.78526 133.27958
8.01391 124.15660 81.84044 193.11859 206.63782 97.84615
27.98664 77.93500 157.09652 9.90328 119.01211 89.20869
-0.00000 131.70468 191.25998 87.59913 88.60926 90.58852
10.91669 50.06340 83.94609 207.10624 139.17599 40.83779
14.78002 86.05346 62.85451 0.00000 -0.00000 -0.00000
253.68213 241.95141 226.55298 156.67278 29.23074 40.32310
238.08034 49.85653 35.90531 34.87265 30.87979 31.92449
251.54082 253.71267 254.56624 0.29675 160.11054 223.03738
-0.00000 -0.00000 -0.00000 13.06187 160.01338 116.35117
129.03032 130.01854 133.01927 255.00000 255.00000 255.00000
0.00000 130.04637 134.00147 0.00000 255.00000 255.00000
247.19602 155.90658 14.13170 76.14834 130.36047 119.46771
34.80474 30.79402 31.84650 32.53859 157.11969 214.51821
0.02726 0.00300 0.00670 227.05258 23.81652 54.81009
0.00000 0.00000 0.00000 255.00000 193.99491 14.03051
44.99130 67.98950 145.02334 0.00000 167.56777 226.26897
74.03543 118.00540 40.01461 0.00000 -0.00000 0.00000
34.97809 30.96869 31.98669 19.94052 119.72000 199.15273
-0.00000 130.35282 202.07704 100.99753 100.99753 105.91245
61.86983 -0.00000 14.94291 168.48951 169.46503 173.39161
28.92867 24.94610 25.96900 196.14786 18.00691 45.94841
2.92844 1.98658 41.04293 -0.00000 0.00000 0.00000
11.03335 5.97279 6.99366 0.00000 -0.00000 -0.00000
254.04288 254.30447 254.53785 0.24051 70.13241 132.18699
38.60308 58.38151 121.80712 87.21848 88.11877 90.11584
229.05480 21.91713 53.87906 182.02160 181.02207 181.02207
78.82298 138.03264 189.93220 0.00000 0.00000 0.00000
8.97552 10.38354 10.70719 185.66323 137.22167 18.82096
-0.00000 -0.00000 -0.00000 207.95679 44.51598 68.92919
231.02818 0.26596 33.22908 254.88247 253.76188 253.92169
0.00000 73.95208 141.13919 229.04740 181.09815 57.94547
33.32120 21.99828 72.92817 214.56534 210.71591 211.65625
18.97932 120.95068 200.03003 35.05110 30.82720 32.10784
232.02852 33.01312 38.98155 255.00000 0.00000 0.00000
161.05048 161.05048 165.02731 120.97951 188.23077 232.19970
34.64085 30.66372 31.70465 139.36458 23.84896 26.93229
0.95484 100.00147 152.06158 23.80274 165.03916 222.12237
25.99572 24.99199 24.02514 121.88733 181.05039 70.95846
32.00638 40.98632 74.01072 0.00000 0.00000 0.00000
44.07327 55.77847 105.29356 251.74536 252.17268 251.90164
89.62528 192.42438 234.27878 101.25020 82.95536 106.52703
221.07974 0.00000 16.93448 0.00000 0.00000 0.00000
24.00238 70.98612 140.01780 0.00000 0.00000 255.00000
45.20418 60.06009 185.00487 0.00000 0.00000 255.00000
235.03950 27.93849 48.93294 0.00000 0.00000 0.00000
34.75593 30.44943 31.84605 89.07169 103.12690 164.84380
30.94348 23.98246 25.98922 243.26809 113.20686 116.25696
3.68110 141.14545 153.08543 188.48515 176.34983 92.06711
20.89040 69.17237 119.00720 0.00000 -0.00000 0.00000
224.16459 1.13996 17.05099 254.81759 253.49578 253.59048
12.23081 100.02894 156.07821 241.01923 246.13462 249.40385
77.01109 77.01109 79.01103 0.00000 0.00000 0.00000
30.08640 53.22195 77.28686 253.01471 249.01316 231.49226
0.00000 55.99622 118.00479 0.00000 0.00000 0.00000
7.46491 6.13784 0.00000 254.60511 209.67467 0.00000
0.00000 0.00000 0.00000 0.00000 0.00000 0.00000
35.18721 30.80184 32.30031 -0.00000 -0.00000 0.00000
7.79873 6.97045 0.00000 247.00171 220.42712 0.00000
-0.00000 0.00000 0.00000 53.28980 102.34122 155.18367
155.06298 163.04064 165.02929 67.97515 185.04072 55.90422
217.07415 29.93628 23.96408 0.00000 0.00000 -0.00000
227.21138 26.82683 34.91087 0.00000 37.67552 99.47533
33.90006 31.86319 32.75086 64.20681 141.35050 183.68189
14.96754 75.02495 144.97419 0.00000 0.00000 255.00000
239.00000 61.95519 66.01042 34.87556 30.90034 31.99662
0.00000 0.00000 0.00000 0.00000 0.00000 0.00000
138.44609 8.34760 44.97844 253.70862 253.55790 253.60106
35.05238 30.96884 32.09547 -0.00000 0.00000 -0.00000
30.43811 39.26982 45.55216 0.97124 85.00048 111.99137
122.39986 189.21981 68.77585 0.00000 148.48281 210.15428
-0.00000 -0.00000 0.00000 86.06485 161.95607 191.55753
49.92369 75.89560 159.12210 253.60876 107.22027 120.26682
237.03507 28.26121 36.25461 254.90287 253.77484 253.81742
141.43080 42.72697 36.05672 254.33463 231.55066 103.11728
251.28667 252.28522 253.55130 13.48587 77.35541 161.18353
0.00000 43.10435 83.94868 0.00000 0.00000 -0.00000
16.94714 23.99413 31.98825 172.74024 69.91161 93.72614
43.38111 18.72558 11.29730 0.00000 132.87470 62.81866
0.00000 0.00000 0.00000 0.00000 0.00000 0.00000
239.12793 62.07356 52.86674 4.91468 6.91152 7.89642
213.02823 30.91191 46.03104 255.00000 -0.00000 0.00000
0.00000 -0.00000 -0.00000 74.43848 146.00920 55.69989
238.03966 39.27649 34.28893 254.72775 251.53318 251.45173
0.00000 -0.00000 0.00000 0.00000 121.75475 194.17962
32.97561 27.94341 28.91610 0.00000 107.93554 86.00092
252.73782 170.31127 115.36108 2.13703 1.32525 0.78461
86.05989 137.22666 61.96594 136.31838 189.04659 63.98447
115.00006 199.00006 231.99994 -0.00000 -0.00000 -0.00000
0.00000 55.99468 94.99453 0.00000 -0.00000 0.00000
0.00000 48.79770 133.91494 0.00000 -0.00000 255.00000
0.00000 0.00000 0.00000 0.00000 0.00000 0.00000
237.04513 22.94537 75.92162 0.00000 0.00000 0.00000
193.06735 18.96527 29.92842 70.99494 70.99494 70.99494
237.01668 27.95709 35.99272 -0.00000 -0.00000 0.00000
237.09635 0.00000 139.94716 255.00000 0.00000 255.00000
223.92257 73.94341 98.00290 -0.00000 -0.00000 0.00000
139.00009 40.96052 65.97239 255.00000 -0.00000 0.00000
0.00000 0.00194 0.00323 0.00000 147.04543 208.07878
12.11240 78.99594 68.99710 181.89895 169.99739 130.22038
-0.00000 0.00000 -0.00000 209.96911 17.97461 65.01784
0.00000 45.00904 114.00644 0.00000 -0.00000 0.00000
0.00000 148.98714 95.00786 0.00000 255.00000 -0.00000
67.54936 120.35148 159.13993 34.84043 30.77677 31.88108
0.00000 120.72827 193.33165 0.00000 135.64974 81.80385
188.59431 189.48511 192.18200 236.00820 33.93746 38.93685
0.00000 122.95311 86.03578 0.00000 0.00000 0.00000
112.94597 111.97786 114.95348 107.79524 179.13213 62.80293
0.00000 101.01077 163.99022 0.00000 0.00000 255.00000
221.99690 34.00162 44.00884 255.00000 -0.00000 -0.00000
-0.00000 0.00000 0.00000 214.20269 0.00000 41.81804
182.98247 30.97861 53.98507 255.00000 0.00000 0.00000
19.92818 116.98142 187.89377 0.00000 -0.00000 255.00000
127.29892 181.82897 222.28659 24.68929 20.76860 21.82829
237.06476 20.92027 85.99401 255.00000 0.00000 0.00000
-0.00000 86.40083 142.99293 238.00000 52.00000 36.00000
0.08100 0.05786 0.00514 253.02548 181.08089 16.96561
212.08225 187.98601 111.57443 22.80484 57.69455 100.78270
197.01147 4.95363 1.97514 9.89411 9.89411 9.89411
0.00000 103.00658 196.99671 32.99895 29.88394 29.88394
0.00000 0.00000 0.00000 0.00000 0.00000 0.00000
237.01212 30.98026 47.98861 0.98861 96.15598 168.58409
255.00000 102.01390 0.00000 255.00000 0.00000 0.00000
5.95636 13.93840 71.90116 165.00492 153.95387 108.03014
84.90259 70.91855 64.92900 208.94620 19.61498 106.80907
209.08328 36.21145 33.21738 254.67986 253.47849 253.45818
26.17031 48.04930 94.37313 76.35964 85.43925 130.85515
-0.00000 89.77983 132.23950 94.11579 110.06617 102.06617
0.00000 0.00000 0.00000 0.00000 0.00000 0.00000
3.11415 2.71361 0.55071 249.91042 219.60673 52.92756
-0.00000 0.00000 -0.00000 238.01591 52.95505 36.01729
195.09482 33.26605 39.25319 254.59747 253.50431 253.54416
16.05216 14.00069 12.97392 0.00000 -0.00000 0.00000
230.23895 55.41908 56.71573 238.64129 122.10669 82.64937
206.26361 225.05870 241.20918 23.76345 70.00304 102.39161
-0.00000 -0.00000 0.00000 243.84245 122.61940 75.61028
35.00000 30.88670 32.04605 126.83279 203.99141 39.99469
13.86595 24.86386 89.91882 172.09817 147.48174 63.17580
0.00000 96.94562 151.02957 66.15000 179.89318 228.02955
208.98592 164.07758 10.95734 255.00000 128.00000 0.00000
0.00000 106.99755 120.98966 0.00000 0.00000 0.00000
0.00000 100.01644 59.99443 0.00000 0.00000 -0.00000
253.14788 253.14788 253.14788 2.16266 2.16266 2.16266
0.00554 0.00277 -0.00000 223.16794 84.99237 44.06107
167.13748 4.99078 41.93702 55.96341 45.91218 43.98902
87.00838 13.98028 132.01606 0.00000 0.00000 255.00000
-0.00000 0.00000 0.00000 247.03155 143.14353 29.85647
0.00000 0.00000 0.00000 0.00000 0.00000 0.00000
0.00000 0.00000 0.00000 0.00000 0.00000 0.00000
40.91378 0.00000 90.80149 82.53965 0.00000 180.99557
98.94720 167.06773 67.99733 0.98867 61.91806 90.92410
0.98176 69.93439 173.07670 245.99586 142.99586 29.98483
